colors = [(29, 58, 220), (20, 153, 184), (4, 15, 78)]
init_state_seed = 2727542901544185831462895009880327905632757893920590984886144101944563190765045212405083491294110712459918184889341255663633762500849425618989239017117085101062936805437501442458695256692434937579481413950226076439579068395742952474173329730751532267923361846939616476006739790106538262263769326178562775096277397808509323884075137650968790698625223885300102390374681946446774957774938517707330705865962110492135324827090551460487922157420337130449287229449304014591862961459242222024766038911543887319463639358309534824746645172786148260448283924262652533010785788393890177011253045762451653490691877873500093405810
rule_seed = 3670503055275809025702102123691608205709344540224592386780247909499541035496727623618425811153746313721642190306192664462785712557570111065601710416770987561807830801633838162236236931886466291819944000480168019125253802109960913260441889862900841863488595082261688363375188262056324628039999130143014720795095713864351224094691053419161894505916890313066151060861756832499726102660161085126860405860516477563481801735271598282554371489781641591146547215617093512771651813037592467625602000557439591953956178946200107158740763787382086365513256213793158848019467924815791906401190167850236399549968471104073652483175


[(226, 18, 206), (62, 228, 35), (105, 174, 28)]
2727542901544185831462895009880327905632757893920590984886144101944563190765045212405083491294110712459918184889341255663633762500849425618989239017117085101062936805437501442458695256692434937579481413950226076439579068395742952474173329730751532267923361846939616476006739790106538262263769326178562775096277397808509323884075137650968790698625223885300102390374681946446774957774938517707330705865962110492135324827090551460487922157420337130449287229449304014591862961459242222024766038911543887319463639358309534824746645172786148260448283924262652533010785788393890177011253045762451653490691877873500093405810
3670503055275809025702102123691608205709344540224592386780247909499541035496727623618425811153746313721642190306192664462785712557570111065601710416770987561807830801633838162236236931886466291819944000480168019125253802109960913260441889862900841863488595082261688363375188262056324628039999130143014720795095713864351224094691053419161894505916890313066151060861756832499726102660161085126860405860516477563481801735271598282554371489781641591146547215617093512771651813037592467625602000557439591953956178946200107158740763787382086365513256213793158848019467924815791906401190167850236399549968471104073652483175

[(66, 220, 226), (108, 90, 147), (116, 123, 61)]
2197735636404418655520999238659272635038706607091874537763720719149905094502136310685563080609429390377073360716333219853518608700048251127367225349692215292055681266627629637572899085997256434912698540858727151331393862480627324956784261876156480190017126085847259704463500301055536082259431039681785055840779604436584753756795922484001266411938740295356814335377355633391316807582795873770204551954879794764093903819973656683927220098437648851036549113526940696463317821120749534042140218657692748810158737513802963567532228931598075855277976518139112692417084695356740757338970386193651878982069669793795860982274
3322068876213697507306750120155450414608838835301548897974776180534400683906709009416136119647551138630089445062829199679406492184705294646826114170572568851276687258587021153023252203230856626290417383919314667698796089495779877700961999389545926322780695683808269160664448166617991080795090432405100498752193912476101501827971346314279769450345652587452264012646644261733842173160888263746133189671809870446469897818986336336362538232517582364405791438808020077423028752377661610147468367466196855335199176031507067213514319348927624128663975554381008826303967662286088538665175284902448699312295433530288597755551

[(107, 55, 230), (123, 193, 30), (196, 148, 142)]
12864395474753824512817206686224437187699315507863591304035075195434469834093954901179249020547098791933442895459294355705793476160562674233946200999548839197855087574274078544820796265079360417546972748789400651812789226712416850472586083759244565027361925779266072440879906105970461029222989059144343610284396162228215255823979398325562798385165314435359993309018194194604329409863858748509185271142686653224164830824879828935944492058912487544012874044126425625510239436244908687047608614902805360996354378850198232482685638501247190676882842649577387814096320674472684297679531470691043703600681780045857567910412
7628987430309607096557636709197316194189937081111373985513469623135676490398811613179396087035101097937226239647946823760968003567416922367485077928455224810419585828278999918289934667967170202387603516594920742944450451220806771722288775854618668398212956491683476083220938889649505189660174989827226394369758033078545811053507393251359974385895780797847411164190471482418371885969867279680389616486920206484702277258196273639874289462339815527411597717660666273021565629110761046671091975548470118074835734465085651336803713614648569932163573249623601617122519189820956847576762246436974469550275661866713962428538

[(62, 111, 171), (183, 249, 224), (41, 157, 12)]
15807541678481399785866361603719339712076364935107847456076460982177774120862573193560300198530802456410870042754834438735950349855014206882504763787101132718977948154460169652375131060492523142220362414558267660257487107924784628505687095215241859316703401131816002509507466852776172418387633587493476889925413542069079634732099365005883457944252800085976985968422129391044159187730321045326789505402759660594170675789228178965344332529627923128703472121360051904129198466468105603109632588292272006566866898960982189548989634972869176273152678267808954310835277985381301393472619409435815280370922166339287055139991
10007719597135108148831660076586587931724507561883401777665766098344477156242243842585298140385905147029461742743032926829955854453247449182816012304987322144485503665789276476930675856616795015639666398577328786508365205095614628329896472777159052170490020092414290129462022817175753383624673013393563868455995583460841798451148155100204701975455602441017890496750913340800502563579443621013336979994895963704633927902020961711182836541748231683469322793708054594492505517309731754426065535281520879653305161079467284071723625769918108978796272053318516826699528190884687622155106664148040045476784956835906427765696



